; $00  full horizontal circuit path
0000000
0000000
1111111
1111111
1111111
0000000
0000000
0000000
; $01  horizontal circuit path endpoint with rounded left side
0000000
0011100
0111111
0111111
0111111
0011100
0000000
0000000
; $02  horizontal circuit path endpoint with rounded right side
0000000
0011100
1111110
1111110
1111110
0011100
0000000
0000000
; $03  full vertical circuit path
0011100
0011100
0011100
0011100
0011100
0011100
0011100
0011100
; $04  vertical circuit path endpoint with rounded top
0000000
0011100
0111110
0111110
0111110
0011100
0011100
0011100
; $05  vertical circuit path endpoint with rounded bottom
0011100
0011100
0011100
0111110
0111110
0111110
0011100
0000000
; $06  rounded top-left quadrant circuit path
0000000
0000000
0000111
0001111
0011111
0011110
0011100
0011100
; $07  rounded top-right quadrant circuit path
0000000
0000000
1110000
1111000
1111100
0111100
0011100
0011100
; $08  left arrow
0000000
0011000
0110000
1111111
1111111
0110000
0011000
0000000
; $09  rounded bottom-right quadrant circuit path
0011100
0111100
1111100
1111000
1110000
0000000
0000000
0000000
; $0A
0000000
0000000
0000000
0000000
0000000
0000000
0000000
0000000
; $0B  up arrow
0000000
0001100
0011110
0111111
0001100
0001100
0001100
0000000
; $0C  rounded bottom-left quadrant circuit path
0011100
0011110
0011111
0001111
0000111
0000000
0000000
0000000
; $0D  carriage return symbol
0000011
0000011
0011011
0110011
1111111
1111110
0110000
0011000
; $0E  open apple
0000110
0001100
0110110
1100001
1100010
1100010
0101001
0110110
; $0F  closed apple
0000110
0001100
0111110
1111111
1111110
1111110
1111111
0110110
; $10  dot, small
0000000
0000000
0000000
0001000
0000000
0000000
0000000
0000000
; $11  dot, medium
0000000
0000000
0001000
0011100
0011100
0001000
0000000
0000000
; $12  dot, large
0000000
0000000
0011100
0111110
0111110
0011100
0000000
0000000
; $13  dot, extra large
0000000
0011100
0111110
0111110
0111110
0111110
0011100
0000000
; $14  heart
0110110
1111111
1111111
1111111
0111110
0011100
0001000
0000000
; $15  right arrow
0000000
0001100
0000110
1111111
1111111
0000110
0001100
0000000
; $16  open padlock
0011100
0110110
0110000
0111110
1111111
1110111
1110111
1111111
; $17  times
0000000
0110011
0011110
0001100
0011110
0110011
0000000
0000000
; $18
0000000
0000000
0000000
0000000
0000000
0000000
0000000
0000000
; $19
0000000
0000000
0000000
0000000
0000000
0000000
0000000
0000000
; $1A  down arrow
0000000
0001100
0001100
0001100
0111111
0011110
0001100
0000000
; $1B
0000000
0000000
0000000
0000000
0000000
0000000
0000000
0000000
; $1C
0000000
0000000
0000000
0000000
0000000
0000000
0000000
0000000
; $1D
0000000
0000000
0000000
0000000
0000000
0000000
0000000
0000000
; $1E
0000000
0000000
0000000
0000000
0000000
0000000
0000000
0000000
; $1F
0000000
0000000
0000000
0000000
0000000
0000000
0000000
0000000
; $20  space
0000000
0000000
0000000
0000000
0000000
0000000
0000000
0000000
; $21  !
0001110
0001110
0001100
0001100
0001000
0000000
0011000
0000000
; $22  "
0000000
1100110
1100110
0000000
0000000
0000000
0000000
0000000
; $23  #
0000000
0000000
0110100
1111110
0110100
1111110
0110100
0000000
; $24  $
0000000
0000000
0111100
1101000
0111100
0010110
0111100
0000000
; $25  %
0000000
0000000
1100110
1101100
0011000
0110110
1100110
0000000
; $26  &
0000000
0000000
0111000
1100000
0110110
1100110
0111100
0000000
; $27  '
0000000
0011000
0110000
0000000
0000000
0000000
0000000
0000000
; $28  (
0011100
0110000
0110000
0110000
0110000
0110000
0011100
0000000
; $29  )
0111000
0001100
0001100
0001100
0001100
0001100
0111000
0000000
; $2A  *
0000000
0000000
0011000
1111110
0111100
1111110
0011000
0000000
; $2B  +
0000000
0000000
0011000
0011000
1111110
0011000
0011000
0000000
; $2C  ,
0000000
0000000
0000000
0000000
0000000
0001100
0011000
0000000
; $2D  -
0000000
0000000
0000000
0000000
0111100
0000000
0000000
0000000
; $2E  .
0000000
0000000
0000000
0000000
0000000
0011000
0011000
0000000
; $2F  /
0000000
0000000
0000110
0001100
0011000
0110000
1100000
0000000
; $30  0
0000000
0000000
0111100
1100110
1110110
1100110
0111100
0000000
; $31  1
0000000
0000000
0011000
0111000
0011000
0011000
0011000
0000000
; $32  2
0000000
0000000
1111100
0000110
0111100
1100000
1111110
0000000
; $33  3
0000000
0000000
1111100
0000110
0011100
0000110
1111100
0000000
; $34  4
0000000
0000000
1100000
1100110
1100110
0111110
0000110
0000000
; $35  5
0000000
0000000
1111110
1100000
1111100
0000110
1111100
0000000
; $36  6
0000000
0000000
0111100
1100000
1111100
1100110
0111100
0000000
; $37  7
0000000
0000000
1111110
0001100
0011000
0110000
0110000
0000000
; $38  8
0000000
0000000
0111100
1100110
0111100
1100110
0111100
0000000
; $39  9
0000000
0000000
0111100
1100110
0111110
0000110
0111100
0000000
; $3A  :
0000000
0000000
0011000
0011000
0000000
0011000
0011000
0000000
; $3B  ;
0000000
0000000
0011000
0011000
0000000
0011000
0110000
0000000
; $3C  <
0000000
0000000
0001100
0011000
0110000
0011000
0001100
0000000
; $3D  =
0000000
0000000
0000000
0111100
0000000
0111100
0000000
0000000
; $3E  >
0000000
0000000
0110000
0011000
0001100
0011000
0110000
0000000
; $3F  ?
0111100
1100110
0001100
0011000
0011000
0000000
0011000
0000000
; $40  @
0000000
0000000
0111100
1100110
1101100
1100000
0111100
0000000
; $41  A
0111100
1100110
1100110
1111110
1100110
1100110
1100110
0000000
; $42  B
1111100
1100110
1100110
1111100
1100110
1100110
1111100
0000000
; $43  C
0111100
1100110
1100000
1100000
1100000
1100110
0111100
0000000
; $44  D
1111000
1101100
1100110
1100110
1100110
1101100
1111000
0000000
; $45  E
1111110
1100000
1100000
1111100
1100000
1100000
1111110
0000000
; $46  F
1111110
1100000
1100000
1111100
1100000
1100000
1100000
0000000
; $47  G
0111100
1100000
1100000
1101110
1100110
1100110
0111100
0000000
; $48  H
1100110
1100110
1100110
1111110
1100110
1100110
1100110
0000000
; $49  I
1111110
0011000
0011000
0011000
0011000
0011000
1111110
0000000
; $4A  J
0111111
0001100
0001100
0001100
0001100
1101100
0111000
0000000
; $4B  K
1100110
1101100
1111000
1110000
1111000
1101100
1100110
0000000
; $4C  L
1100000
1100000
1100000
1100000
1100000
1100000
1111110
0000000
; $4D  M
1100110
1111110
1111110
1100110
1100110
1100110
1100110
0000000
; $4E  N
1100110
1100110
1110110
1111110
1101110
1100110
1100110
0000000
; $4F  O
0111100
1100110
1100110
1100110
1100110
1100110
0111100
0000000
; $50  P
1111100
1100110
1100110
1111100
1100000
1100000
1100000
0000000
; $51  Q
0111100
1100110
1100110
1100110
1100110
1101100
0110110
0000000
; $52  R
1111100
1100110
1100110
1111100
1100110
1100110
1100110
0000000
; $53  S
0111110
1100000
1100000
0111100
0000110
0000110
1111100
0000000
; $54  T
1111110
0011000
0011000
0011000
0011000
0011000
0011000
0000000
; $55  U
1100110
1100110
1100110
1100110
1100110
1100110
0111100
0000000
; $56  V
1100110
1100110
1100110
1100110
1100110
0111100
0011000
0000000
; $57  W
1100110
1100110
1100110
1100110
1111110
1111110
1100110
0000000
; $58  X
1100110
1100110
0111100
0011000
0111100
1100110
1100110
0000000
; $59  Y
1100110
1100110
1100110
0111100
0011000
0011000
0011000
0000000
; $5A  Z
1111110
0000110
0001100
0011000
0110000
1100000
1111110
0000000
; $5B  [
0111100
0110000
0110000
0110000
0110000
0110000
0111100
0000000
; $5C  \
0000000
0000000
1100000
0110000
0011000
0001100
0000110
0000000
; $5D  ]
0111100
0001100
0001100
0001100
0001100
0001100
0111100
0000000
; $5E  ^
0000000
0000000
0011000
0111100
1100110
0000000
0000000
0000000
; $5F  _
0000000
0000000
0000000
0000000
0000000
0000000
1111110
0000000
; $60  `
0000000
0000000
0111000
1101100
0001110
0000000
0000000
0000000
; $61  a
0000000
0000000
0111100
1100110
1111110
1100110
1100110
0000000
; $62  b
0000000
0000000
1111100
1100110
1111100
1100110
1111100
0000000
; $63  c
0000000
0000000
0111100
1100110
1100000
1100110
0111100
0000000
; $64  d
0000000
0000000
1111000
1101110
1100110
1101110
1111000
0000000
; $65  e
0000000
0000000
1111110
1100000
1111100
1100000
1111110
0000000
; $66  f
0000000
0000000
1111110
1100000
1111100
1100000
1100000
0000000
; $67  g
0000000
0000000
0111100
1100000
1101110
1100110
0111100
0000000
; $68  h
0000000
0000000
1100110
1100110
1111110
1100110
1100110
0000000
; $69  i
0000000
0000000
1111110
0011000
0011000
0011000
1111110
0000000
; $6A  j
0000000
0000000
0111110
0001100
0001100
1101100
0111000
0000000
; $6B  k
0000000
0000000
1100110
1101100
1111000
1101100
1100110
0000000
; $6C  l
0000000
0000000
1100000
1100000
1100000
1100000
1111110
0000000
; $6D  m
0000000
0000000
1100110
1111110
1111110
1100110
1100110
0000000
; $6E  n
0000000
0000000
1100110
1110110
1111110
1101110
1100110
0000000
; $6F  o
0000000
0000000
0111100
1100110
1100110
1100110
0111100
0000000
; $70  p
0000000
0000000
1111100
1100110
1111100
1100000
1100000
0000000
; $71  q
0000000
0000000
0111100
1100110
1100110
1101100
0110110
0000000
; $72  r
0000000
0000000
1111100
1100110
1111100
1100110
1100110
0000000
; $73  s
0000000
0000000
0111110
1100000
0111100
0000110
1111100
0000000
; $74  t
0000000
0000000
1111110
0011000
0011000
0011000
0011000
0000000
; $75  u
0000000
0000000
1100110
1100110
1100110
1100110
0111100
0000000
; $76  v
0000000
0000000
1100110
1100110
1100110
0111100
0011000
0000000
; $77  w
0000000
0000000
1100110
1100110
1111110
1111110
1100110
0000000
; $78  x
0000000
0000000
1100110
0111100
0011000
0111100
1100110
0000000
; $79  y
0000000
0000000
1100110
1100110
0111100
0011000
0011000
0000000
; $7A  z
0000000
0000000
1111110
0001100
0011000
0110000
1111110
0000000
; $7B  {
0000000
0000000
0001100
0001100
0111000
0001100
0001100
0000000
; $7C  |
0000000
0000000
0011100
0011100
0011100
0011100
0011100
0000000
; $7D  }
0000000
0000000
0011000
0011000
0001110
0011000
0011000
0000000
; $7E  ~
0000000
0000000
0011011
0111111
0110110
0000000
0000000
0000000
; $7F  cursor
0111111
0111111
0111111
0111111
0111111
0111111
0111111
0000000
